Sensor 1 Measurements:
Measurement_1:
2323	2247	2176	2142	2102	2068	2034	2001	
2268	2199	2148	2117	2077	2045	2015	952	
2245	2181	2067	2108	2080	2039	2010	929	
2222	1820	1896	1960	2048	2022	1967	893	
1278	1198	1798	1264	1252	1229	1182	908	
1284	1200	1220	1197	398	1177	1156	1047	
1333	238	1206	218	213	1152	1131	1033	
55	61	192	154	252	1129	1114	1041	

Measurement_2:
2325	2241	2174	2135	2101	2065	2038	2000	
2275	2202	2147	2114	2085	2046	2017	949	
2244	2158	2086	2102	2071	2039	2014	929	
2197	1868	1893	1927	2054	2022	1973	889	
1293	1148	1800	1251	1261	1230	1197	900	
1277	1201	1220	1197	1193	1178	1163	1051	
1586	256	204	205	201	1156	1143	1036	
55	61	143	198	245	1114	1076	1045	

Measurement_3:
2325	2249	2171	2137	2101	2065	2035	2001	
2274	2202	2151	2114	2080	2047	2016	945	
2238	2168	2064	2115	2079	2034	2013	931	
2192	1894	1905	1944	2059	2021	1978	888	
1292	1683	1796	1244	1249	1232	1195	908	
1274	1211	1221	1197	1192	1175	1159	1046	
1572	334	246	264	203	1151	1143	1036	
55	62	194	192	235	1123	1042	1030	

Measurement_4:
2312	2239	2179	2136	2102	2062	2034	1999	
2272	2197	2153	2115	2081	2047	2012	952	
2238	2159	2080	2109	2076	2045	2008	928	
2212	1902	1910	1953	2046	2021	1028	885	
1306	1164	1812	1256	1256	1240	1184	912	
1278	1209	1223	1197	1189	1178	1159	1047	
1588	203	282	216	206	1153	1136	1037	
56	61	187	190	205	1128	1031	1032	

Measurement_5:
2326	2242	2176	2137	2101	2071	2039	2002	
2269	2199	2154	2115	2080	2047	2019	948	
2242	2165	2093	2102	2082	2048	2006	928	
2222	1799	1889	1956	2051	2017	1979	887	
1304	1161	1822	1251	1251	1237	1183	914	
1281	1202	1220	1197	1188	1175	1159	1046	
1576	207	246	230	190	1154	1138	1032	
55	62	135	194	216	1130	1039	1036	

Sensor 1 Maximum Error Table:
14	10	8	7	1	9	5	3	
7	5	7	3	8	2	7	7	
7	23	29	13	11	14	8	3	
30	103	21	33	13	5	951	8	
28	535	26	20	12	11	15	14	
10	11	3	0	795	3	7	5	
255	131	1002	59	23	5	12	5	
1	1	59	44	47	16	83	15	

Sensor 1 MSE Table:
26	14	6	5	0	9	4	1	
7	3	7	1	6	0	5	6	
8	68	122	23	14	24	8	1	
156	1649	60	138	21	3	143280	7	
100	42750	98	43	18	17	41	23	
11	20	1	0	100492	1	4	3	
9836	2253	148527	412	56	2	20	3	
0	0	660	256	310	34	955	30	

Sensor 1 Sum of Maximum Errors: 4628
Sensor 1 Sum of MSE: 452658

Sensor 2 Measurements:
Measurement_1:
2331	2232	2173	2133	2095	2068	2036	1995	
2271	2193	2155	2112	2079	2048	2018	969	
2244	2196	2078	2106	2086	2046	2014	971	
2244	1867	1909	1946	227	1128	1997	967	
1275	305	172	175	230	1252	1227	1029	
1291	152	154	178	206	214	1183	1115	
1555	141	130	118	139	164	202	1079	
66	63	64	1720	1158	127	181	177	

Measurement_2:
2338	2240	2171	2135	2094	2067	2034	1995	
2265	2196	2157	2112	2086	2047	2018	984	
2242	2193	2108	2107	2077	2049	2011	969	
2218	1785	1899	1943	174	2043	2016	972	
1299	0	161	177	224	1264	1217	999	
1291	151	169	168	211	223	1180	1115	
1578	138	128	1209	138	155	204	1083	
66	64	64	1723	1158	122	170	1059	

Measurement_3:
2335	2237	2171	2134	2092	2062	2038	1997	
2277	2206	2152	2116	2083	2046	2021	972	
2240	2183	2070	2101	2087	2051	2013	969	
2209	1865	1907	297	172	2033	2001	964	
2067	276	166	169	226	1254	1219	1013	
1284	151	160	174	223	213	1184	1119	
1567	136	130	1206	142	157	210	1079	
66	64	64	1712	1152	123	171	1049	

Measurement_4:
2340	2235	2169	2130	2094	2063	2028	2001	
2271	2202	2158	2120	2081	2047	2016	969	
2232	2194	2076	2109	2085	2054	2021	970	
2234	1800	232	1941	221	2035	2000	963	
1280	319	163	178	1262	1246	1222	1128	
1288	146	1226	1224	1207	1198	1179	1118	
1581	142	1220	1207	145	164	1162	1075	
66	65	65	1731	1157	128	169	174	

Measurement_5:
2335	2239	2177	2136	2093	2064	2033	2004	
2275	2204	2166	2114	2074	2052	2018	979	
2236	2195	2076	2111	2082	2051	2011	969	
2205	1922	1890	1948	167	2030	1996	968	
1268	483	174	178	234	1253	1229	1039	
1293	150	159	165	226	213	1181	1110	
1574	142	1211	1205	141	163	206	1079	
67	64	64	1709	1149	129	178	185	

Sensor 2 Maximum Error Table:
9	8	8	6	3	6	10	9	
12	13	14	8	12	6	5	15	
12	13	38	10	10	8	10	2	
39	137	1677	1651	60	915	20	9	
799	483	13	9	1038	18	12	129	
9	6	1072	1059	1001	985	5	9	
26	6	1092	1091	7	9	960	8	
1	2	1	22	9	7	12	885	

Sensor 2 MSE Table:
9	8	7	4	1	5	11	12	
16	24	21	8	16	4	2	35	
18	22	181	11	13	6	13	0	
220	2479	445868	434286	682	131714	52	10	
99078	24342	25	11	170911	33	20	2052	
9	4	181669	177345	157029	154384	3	9	
86	5	283150	189662	6	14	146389	6	
0	0	0	62	13	7	22	183912	

Sensor 2 Sum of Maximum Errors: 15540
Sensor 2 Sum of MSE: 2786016
