Sensor 1 Measurements:
Measurement_1:
627	633	560	392	460	463	397	182	
600	618	629	559	145	150	151	145	
567	615	380	152	140	143	148	136	
571	147	149	146	140	133	135	133	
568	475	118	117	112	110	106	107	
438	357	111	98	93	87	83	77	
133	142	120	94	85	79	73	71	
104	107	110	104	88	74	69	68	

Measurement_2:
628	620	582	567	675	412	443	184	
598	625	628	475	146	150	151	144	
568	623	463	151	140	143	148	136	
570	372	148	146	140	133	135	133	
566	290	119	117	112	110	106	107	
440	359	111	98	93	88	83	77	
133	142	120	94	86	79	74	71	
104	108	111	104	88	75	69	68	

Measurement_3:
550	620	587	486	458	523	494	182	
595	627	626	391	145	150	151	145	
563	612	306	151	140	143	148	136	
571	147	149	146	140	133	135	133	
570	482	119	117	112	110	106	107	
503	148	110	98	93	88	83	77	
132	143	120	94	86	80	73	71	
103	107	111	105	88	75	69	68	

Sensor 1 Maximum Error Table:
78	13	27	175	217	111	97	2	
5	9	3	168	1	0	0	1	
5	11	157	1	0	0	0	0	
1	225	1	0	0	0	0	0	
4	192	1	0	0	0	0	0	
65	211	1	0	0	1	0	0	
1	1	0	0	1	1	1	0	
1	1	1	1	0	1	0	0	

Sensor 1 MSE Table:
1334	37	137	5113	10368	2058	1569	0	
4	14	1	4704	0	0	0	0	
4	21	4112	0	0	0	0	0	
0	11250	0	0	0	0	0	0	
2	7904	0	0	0	0	0	0	
910	9800	0	0	0	0	0	0	
0	0	0	0	0	0	0	0	
0	0	0	0	0	0	0	0	

Sensor 1 Sum of Maximum Errors: 1793
Sensor 1 Sum of MSE: 59342

Sensor 2 Measurements:
Measurement_1:
608	637	643	630	610	465	334	399	
600	628	633	648	587	386	164	168	
241	631	633	602	174	163	156	165	
240	629	601	167	168	162	155	152	
234	626	569	145	139	138	133	131	
502	590	187	147	126	115	109	103	
297	163	174	164	129	113	103	95	
121	122	127	131	132	124	105	94	

Measurement_2:
605	627	644	645	566	468	515	373	
583	629	636	632	588	468	164	168	
270	626	644	601	174	163	156	165	
238	633	594	167	168	162	154	152	
237	622	510	144	140	137	133	130	
473	590	386	147	126	115	109	103	
155	164	173	164	129	113	103	95	
121	122	127	130	131	124	105	94	

Measurement_3:
608	621	653	639	556	337	377	508	
600	627	635	640	572	391	164	169	
241	623	637	605	174	163	156	165	
243	627	546	167	168	161	155	152	
236	627	558	145	140	138	132	130	
472	591	187	147	125	115	109	103	
156	164	174	164	129	113	102	95	
121	123	127	130	131	123	105	94	

Sensor 2 Maximum Error Table:
3	16	10	15	54	131	181	135	
17	2	3	16	16	82	0	1	
29	8	11	4	0	0	0	0	
5	6	55	0	0	1	1	0	
3	5	59	1	1	1	1	1	
30	1	199	0	1	0	0	0	
142	1	1	0	0	0	1	0	
0	1	0	1	1	1	0	0	

Sensor 2 MSE Table:
2	43	20	38	550	3728	5961	3420	
64	0	1	42	53	1408	0	0	
186	10	20	2	0	0	0	0	
4	6	597	0	0	0	0	0	
1	4	656	0	0	0	0	0	
193	0	8800	0	0	0	0	0	
4449	0	0	0	0	0	0	0	
0	0	0	0	0	0	0	0	

Sensor 2 Sum of Maximum Errors: 1254
Sensor 2 Sum of MSE: 30258
