Sensor 1 Measurements:
Measurement_1:
598	644	616	476	649	415	396	398	
593	623	632	342	145	150	151	145	
558	627	525	152	141	143	148	136	
574	325	149	146	140	133	135	133	
568	392	119	117	112	110	106	107	
440	354	111	98	92	88	82	77	
133	142	120	94	85	79	74	71	
103	107	111	105	88	75	69	68	

Measurement_2:
622	627	602	560	155	411	333	181	
581	619	630	472	145	150	150	144	
559	625	469	152	140	142	148	136	
571	372	148	145	140	133	135	133	
569	337	119	117	113	109	106	107	
501	359	111	98	92	87	83	77	
133	142	120	94	85	79	73	71	
104	108	111	105	88	75	69	67	

Measurement_3:
609	609	608	557	459	411	166	359	
587	619	625	486	145	150	151	145	
563	622	523	152	140	143	148	136	
571	146	148	145	140	133	135	133	
568	418	119	117	113	110	106	108	
502	357	111	99	93	88	83	77	
132	142	120	94	85	79	74	71	
104	107	111	104	88	75	69	68	

Measurement_4:
621	609	569	291	379	458	499	182	
593	624	626	393	538	149	151	145	
566	617	377	151	140	143	148	136	
565	322	149	146	140	133	135	133	
572	339	119	117	112	110	106	108	
438	312	111	98	93	87	83	77	
132	143	120	94	86	79	73	71	
104	107	111	105	89	75	69	68	

Measurement_5:
601	617	564	555	513	337	373	356	
587	620	629	491	145	150	151	144	
567	631	433	152	140	143	147	136	
570	146	149	146	140	133	135	133	
572	338	119	117	112	110	106	107	
436	313	111	98	93	87	83	77	
132	142	120	94	85	79	74	71	
104	107	111	105	89	75	69	68	

Sensor 1 Maximum Error Table:
24	35	52	269	494	121	333	217	
12	5	7	149	393	1	1	1	
9	14	148	1	1	1	1	0	
9	226	1	1	0	0	0	0	
4	81	0	0	1	1	0	1	
66	47	0	1	1	1	1	0	
1	1	0	0	1	0	1	0	
1	1	0	1	1	0	0	1	

Sensor 1 MSE Table:
98	173	448	10677	26782	1519	11786	8838	
20	4	6	3500	24711	0	0	0	
13	22	3149	0	0	0	0	0	
8	9316	0	0	0	0	0	0	
3	1145	0	0	0	0	0	0	
969	470	0	0	0	0	0	0	
0	0	0	0	0	0	0	0	
0	0	0	0	0	0	0	0	

Sensor 1 Sum of Maximum Errors: 2740
Sensor 1 Sum of MSE: 103657

Sensor 2 Measurements:
Measurement_1:
616	618	637	638	563	688	385	208	
599	633	637	638	586	659	164	169	
240	629	635	638	174	163	156	165	
244	629	603	168	167	162	155	151	
235	622	504	146	139	138	132	131	
467	587	458	147	125	116	109	103	
156	164	174	165	130	113	103	95	
121	123	127	130	132	124	105	95	

Measurement_2:
620	635	645	625	556	335	531	552	
573	624	638	644	501	343	165	169	
239	628	640	601	174	164	157	166	
243	631	593	168	168	162	155	152	
239	623	565	146	140	138	132	130	
471	591	460	147	126	115	109	103	
155	163	175	164	129	113	103	95	
121	123	127	130	131	124	105	95	

Measurement_3:
610	619	635	643	560	464	334	338	
592	625	632	625	500	171	164	169	
243	619	634	588	174	163	156	166	
241	624	606	167	168	162	155	152	
238	624	514	145	139	137	132	130	
473	593	187	148	126	116	109	103	
154	164	174	165	129	113	103	95	
121	123	127	131	131	124	106	95	

Measurement_4:
601	633	630	635	559	604	617	209	
583	626	630	646	570	467	165	169	
265	624	639	524	174	163	156	165	
243	632	535	167	168	162	155	152	
237	624	561	145	140	138	132	131	
474	594	186	147	126	115	109	103	
156	164	173	165	129	113	103	95	
121	122	128	130	132	124	105	95	

Measurement_5:
601	615	644	643	565	175	183	401	
567	624	634	644	496	388	164	169	
242	622	639	538	174	164	156	165	
242	627	536	168	168	162	156	152	
238	624	564	145	140	137	133	130	
469	586	186	147	126	115	109	103	
155	163	174	165	129	113	103	95	
121	123	127	131	132	124	105	94	

Sensor 2 Maximum Error Table:
19	20	15	18	9	513	434	344	
32	9	8	21	90	488	1	0	
26	10	6	114	0	1	1	1	
3	8	71	1	1	0	1	1	
4	2	61	1	1	1	1	1	
7	8	274	1	1	1	0	0	
2	1	2	1	1	0	0	0	
0	1	1	1	1	0	1	1	

Sensor 2 MSE Table:
59	68	31	44	9	33870	23084	16648	
138	11	8	59	1526	25449	0	0	
94	13	5	1748	0	0	0	0	
1	8	1037	0	0	0	0	0	
1	0	720	0	0	0	0	0	
6	10	17843	0	0	0	0	0	
0	0	0	0	0	0	0	0	
0	0	0	0	0	0	0	0	

Sensor 2 Sum of Maximum Errors: 2643
Sensor 2 Sum of MSE: 122490
