Sensor 1 Measurements:
Measurement_1:
599	621	606	560	328	528	334	181	
591	622	629	614	145	150	151	144	
568	622	532	152	140	143	148	136	
577	322	149	145	140	133	135	133	
568	430	119	116	112	110	106	107	
360	355	111	98	93	87	83	77	
132	142	120	94	85	79	74	71	
103	107	111	105	88	75	69	67	

Measurement_2:
605	613	575	553	377	530	501	359	
597	615	631	475	145	150	151	144	
565	625	468	151	140	143	148	136	
568	146	149	145	140	133	135	133	
570	391	119	117	112	110	106	107	
434	147	111	98	92	87	83	77	
133	142	120	94	86	79	73	71	
104	107	111	105	88	75	69	67	

Measurement_3:
580	637	587	482	455	465	447	182	
603	618	632	483	146	150	151	144	
567	617	540	152	140	143	148	136	
568	373	149	146	140	133	135	133	
571	420	119	117	112	110	106	107	
440	408	111	98	92	87	83	77	
133	142	120	94	86	79	74	71	
104	107	111	105	88	75	69	67	

Measurement_4:
608	620	606	546	329	521	498	400	
604	620	632	487	145	150	151	145	
564	625	466	151	140	143	148	136	
572	147	149	145	141	133	135	133	
567	492	119	117	112	110	106	107	
438	437	111	98	92	88	83	77	
132	141	120	94	86	79	74	71	
104	107	111	105	88	75	69	67	

Measurement_5:
584	629	574	571	459	386	503	470	
590	618	623	563	145	150	151	145	
569	622	307	152	141	143	148	136	
574	323	148	145	140	133	135	133	
570	424	118	117	112	110	106	107	
440	359	111	98	93	87	83	77	
133	142	120	94	85	79	73	71	
103	107	965	105	88	75	69	68	

Sensor 1 Maximum Error Table:
28	24	32	89	131	144	169	289	
14	7	9	139	1	0	0	1	
5	8	233	1	1	0	0	0	
9	227	1	1	1	0	0	0	
4	101	1	1	0	0	0	0	
80	290	0	0	1	1	0	0	
1	1	0	0	1	0	1	0	
1	0	854	0	0	0	0	1	

Sensor 1 MSE Table:
126	68	200	980	3343	3073	4192	13754	
34	5	11	3014	0	0	0	0	
3	8	7011	0	0	0	0	0	
12	9264	0	0	0	0	0	0	
2	1098	0	0	0	0	0	0	
978	10372	0	0	0	0	0	0	
0	0	0	0	0	0	0	0	
0	0	116690	0	0	0	0	0	

Sensor 1 Sum of Maximum Errors: 2903
Sensor 1 Sum of MSE: 174238

Sensor 2 Measurements:
Measurement_1:
617	621	637	633	555	295	179	446	
582	619	635	622	568	522	164	169	
242	627	642	602	174	164	156	165	
242	630	589	167	168	162	155	152	
521	625	507	145	140	138	132	130	
504	592	187	147	126	116	109	103	
155	164	173	165	129	113	103	95	
121	123	127	131	132	124	106	95	

Measurement_2:
617	625	639	617	574	465	456	199	
580	619	635	644	494	389	164	169	
243	626	633	588	174	163	156	165	
241	626	532	167	168	162	155	152	
237	619	507	145	140	137	132	131	
476	592	187	147	126	115	109	103	
156	164	173	164	129	113	103	95	
121	123	127	131	132	124	106	94	

Measurement_3:
617	643	636	631	629	534	182	402	
592	623	642	629	569	171	165	169	
241	625	637	525	173	164	156	165	
241	632	594	168	168	162	155	152	
237	621	506	145	139	137	132	130	
471	590	186	147	125	115	109	103	
155	163	173	165	130	113	103	95	
119	122	127	131	131	123	105	94	

Measurement_4:
612	620	636	641	565	528	454	337	
583	621	641	627	495	466	164	168	
239	628	639	525	174	164	156	165	
260	628	595	167	167	162	155	152	
237	628	571	145	139	137	132	130	
472	592	385	147	125	115	109	103	
155	163	174	164	130	113	102	95	
120	122	127	131	132	124	106	95	

Measurement_5:
615	637	651	635	566	459	184	197	
589	628	644	644	501	344	165	169	
240	632	640	600	174	163	156	165	
260	626	599	167	168	162	155	152	
237	624	505	143	140	137	132	131	
477	564	383	147	125	115	109	103	
156	163	173	164	130	113	103	95	
120	123	127	130	132	124	106	94	

Sensor 2 Maximum Error Table:
5	23	15	24	74	239	277	249	
12	9	9	22	75	351	1	1	
4	7	9	77	1	1	0	0	
19	6	67	1	1	0	0	0	
284	9	66	2	1	1	0	1	
33	28	199	0	1	1	0	0	
1	1	1	1	1	0	1	0	
2	1	0	1	1	1	1	1	

Sensor 2 MSE Table:
3	84	32	63	691	7455	17933	10517	
20	11	13	82	1244	14521	0	0	
2	5	9	1255	0	0	0	0	
83	5	630	0	0	0	0	0	
12904	9	671	0	0	0	0	0	
149	121	9346	0	0	0	0	0	
0	0	0	0	0	0	0	0	
0	0	0	0	0	0	0	0	

Sensor 2 Sum of Maximum Errors: 2219
Sensor 2 Sum of MSE: 77858
