Sensor 1 Measurements:
Measurement_1:
248	1301	1372	1444	1528	1625	277	863	
243	1293	1363	275	268	273	281	253	
247	1290	1357	275	265	271	284	257	
265	1285	1357	280	271	273	285	264	
283	311	332	285	271	275	282	258	
269	270	260	267	262	268	269	236	
166	159	159	165	169	171	150	134	
107	99	107	106	106	100	87	90	

Measurement_2:
255	1302	1367	1441	1529	1626	274	246	
253	1291	1362	275	268	272	280	253	
250	1288	1360	274	265	270	284	257	
262	1284	1348	279	272	273	285	264	
285	311	334	285	270	275	283	258	
269	270	262	265	262	268	270	235	
164	159	159	165	168	172	148	135	
106	99	107	107	105	100	86	89	

Measurement_3:
256	1301	1368	1440	1542	1617	276	246	
257	1295	1365	274	266	273	281	252	
254	1290	1361	276	265	271	283	258	
264	1281	1353	280	272	273	286	264	
284	312	334	286	270	274	283	258	
269	272	262	264	262	268	268	235	
164	159	160	165	168	172	148	134	
106	100	106	107	105	99	87	89	

Measurement_4:
1248	1299	1370	1451	1527	1630	276	247	
258	1295	1367	274	267	272	280	253	
254	1289	1354	275	266	271	283	257	
268	1285	1350	280	271	273	286	264	
289	312	335	286	269	274	284	259	
269	271	263	263	261	268	268	234	
156	160	158	167	168	173	148	134	
98	98	106	102	103	95	87	91	

Measurement_5:
1246	1306	1366	1446	1532	1630	273	246	
1234	1293	1361	273	267	271	279	251	
1222	1288	1357	276	264	271	284	258	
1214	1281	1357	279	270	272	284	261	
289	312	336	285	269	274	282	256	
270	270	260	265	261	268	268	234	
156	155	158	163	168	172	148	134	
99	98	106	101	101	95	86	91	

Measurement_6:
1247	1302	1367	1442	1528	1623	276	973	
1232	1295	1364	272	266	273	280	252	
1224	1288	1362	273	264	270	284	254	
1218	1285	1354	277	271	273	285	261	
289	311	335	284	269	275	283	257	
269	272	262	266	261	268	268	234	
156	155	157	163	168	171	148	134	
99	98	106	102	100	94	85	91	

Measurement_7:
1246	1307	1371	1444	1528	1626	277	244	
1232	1294	1364	271	266	272	280	251	
1221	1290	1360	272	264	270	283	257	
1218	1278	1353	277	271	273	285	261	
289	312	335	286	270	274	283	258	
269	270	261	265	262	268	269	234	
158	157	158	165	168	171	149	134	
100	99	107	101	102	94	86	91	

Measurement_8:
1247	1299	1371	1446	1535	1631	278	246	
1240	1293	1360	272	267	272	280	251	
1222	1289	1355	274	264	270	284	257	
1216	1283	1360	280	272	273	285	263	
289	312	335	285	270	275	283	257	
269	270	262	263	262	268	268	235	
158	157	159	164	169	171	148	134	
99	98	107	100	101	94	86	91	

Measurement_9:
1250	1301	1371	1447	1536	1627	275	244	
1230	1293	1361	272	267	272	281	251	
1232	1291	1360	274	264	271	283	256	
1217	1290	1352	278	271	272	286	262	
289	312	333	285	270	275	283	257	
268	271	262	265	262	268	269	234	
157	157	158	164	169	173	149	133	
99	99	106	100	101	94	86	91	

Measurement_10:
378	1304	1368	1443	1531	1632	274	246	
1238	1295	1360	273	266	273	280	252	
1228	1289	1356	274	265	270	284	256	
1219	1283	1351	279	271	272	285	262	
289	312	335	285	270	274	283	257	
269	272	261	263	262	268	267	234	
157	156	158	164	169	172	146	133	
99	99	107	99	100	96	86	93	

Sensor 1 Maximum Error Table:
1002	8	6	11	15	15	5	729	
997	4	7	4	2	2	2	2	
985	3	8	4	2	1	1	4	
957	12	12	3	2	1	2	3	
6	1	4	2	2	1	2	3	
2	2	3	4	1	0	3	2	
10	5	3	4	1	2	4	2	
9	2	1	8	6	6	2	4	

Sensor 1 MSE Table:
223783	6	4	9	20	18	2	72939	
231263	1	4	1	0	0	0	0	
227500	0	6	1	0	0	0	1	
217630	9	11	1	0	0	0	1	
5	0	1	0	0	0	0	0	
0	0	0	1	0	0	0	0	
13	2	0	1	0	0	0	0	
11	0	0	8	4	5	0	1	

Sensor 1 Sum of Maximum Errors: 4918
Sensor 1 Sum of MSE: 973262

Sensor 2 Measurements:
Measurement_1:
223	1294	1354	1431	1517	1635	1658	289	
218	1283	1353	1420	284	281	287	287	
229	1282	1345	1414	286	277	283	293	
235	1277	1351	1424	290	282	287	295	
248	297	326	339	294	283	289	295	
251	293	307	307	290	280	287	283	
206	206	192	192	194	195	187	170	
128	125	123	126	130	132	129	126	

Measurement_2:
233	1299	1356	1436	1518	1626	1649	287	
233	1290	1349	1423	283	281	287	286	
237	1283	1346	1418	286	277	282	293	
243	1278	1347	1409	290	281	287	295	
250	300	327	342	294	283	289	295	
254	292	307	306	291	280	288	283	
206	206	192	192	193	194	186	169	
128	124	122	125	130	132	129	126	

Measurement_3:
237	1291	1361	1433	1525	1629	1653	287	
239	1287	1354	1423	285	282	287	287	
239	1283	1348	1419	288	278	282	293	
245	1274	1343	1415	290	282	287	295	
250	299	327	340	294	283	289	295	
254	292	308	305	291	280	288	283	
206	206	193	192	194	194	187	170	
128	123	123	125	130	132	129	126	

Measurement_4:
232	1291	1354	1422	1518	1642	1647	288	
240	1285	1347	1420	283	281	287	287	
236	1281	1349	1418	286	278	282	294	
245	1272	1345	1418	291	281	287	294	
315	304	332	1400	292	282	289	294	
305	293	309	311	291	280	288	284	
193	199	187	188	191	193	186	169	
116	118	120	123	128	131	127	122	

Measurement_5:
1245	1284	1354	1428	1515	1633	1639	289	
1232	1281	1359	1425	283	280	286	287	
1220	1278	1347	1414	285	277	282	293	
1210	1273	1345	1411	290	282	287	295	
317	305	330	348	292	282	290	294	
304	294	309	312	290	280	287	282	
194	200	187	188	191	193	187	169	
116	119	121	124	128	132	128	122	

Measurement_6:
1234	1289	1358	1426	1519	1634	1642	292	
1230	1284	1352	1426	282	281	286	287	
1213	1277	1350	1416	285	277	282	294	
1213	1269	1345	1418	288	282	286	294	
315	305	330	348	293	283	290	294	
305	293	309	312	289	279	288	283	
193	200	187	188	191	193	186	168	
116	118	120	124	129	131	128	122	

Measurement_7:
1237	1297	1351	1429	1520	1627	1659	288	
1235	1281	1354	1421	282	281	285	286	
1215	1281	1353	1418	284	277	284	294	
1222	1278	1345	1408	288	280	286	295	
307	303	330	345	294	284	289	294	
265	294	306	310	291	280	289	284	
188	201	189	191	192	195	186	169	
123	119	122	125	129	132	128	123	

Measurement_8:
1248	1290	1353	1427	1519	1633	1651	285	
1226	1280	1347	1417	283	281	286	285	
1214	1284	1350	1411	285	278	282	294	
223	1279	1345	1413	290	281	288	295	
307	304	330	348	293	283	290	295	
252	293	306	308	290	281	289	284	
189	199	189	191	192	194	186	170	
119	119	122	125	129	132	127	123	

Measurement_9:
1243	1290	1353	1424	1520	1622	1663	289	
1235	1282	1352	1421	283	281	286	286	
1215	1279	1350	1418	285	278	283	294	
1221	1266	1344	1409	289	282	287	295	
306	304	330	346	293	283	290	294	
253	293	308	308	291	280	288	284	
189	200	188	191	193	195	188	169	
120	119	122	124	129	132	127	123	

Measurement_10:
1246	1288	1358	1433	1516	1627	1670	288	
1236	1283	1350	1422	284	281	287	287	
1216	1282	1343	1410	286	277	284	294	
1222	1272	1345	1417	289	282	287	295	
308	305	330	347	292	283	290	295	
266	293	307	308	290	281	288	284	
190	201	188	189	191	194	187	170	
119	119	121	125	129	132	128	123	

Sensor 2 Maximum Error Table:
1025	15	10	14	10	20	31	7	
1018	10	12	9	3	2	2	2	
991	7	10	9	4	1	2	1	
999	13	8	16	3	2	2	1	
69	8	6	1061	2	2	1	1	
54	2	3	7	2	2	2	2	
18	7	6	4	3	2	2	2	
12	7	3	3	2	1	2	4	

Sensor 2 MSE Table:
245294	17	8	17	6	29	82	2	
239958	8	12	6	0	0	0	0	
230622	4	7	9	1	0	0	0	
239854	16	4	23	0	0	0	0	
804	7	3	100224	0	0	0	0	
512	0	1	5	0	0	0	0	
51	7	4	2	1	0	0	0	
23	6	1	0	0	0	0	2	

Sensor 2 Sum of Maximum Errors: 5561
Sensor 2 Sum of MSE: 1057632
