Sensor 1 Measurements:
Measurement_1:
23   24   24   24   24   24   24   23   24   24   24   24   24   24   24   23   24   24   24   24   24   25   24   24   24   24   24   24   24   23   24   24   
25   23   24   24   24   24   24   24   23   23   24   24   24   24   23   24   24   24   24   23   25   24   24   24   24   24   24   24   24   23   23   23   
24   24   24   24   23   23   24   24   24   23   24   24   24   24   24   24   24   24   24   24   25   27   25   24   24   24   24   24   24   24   24   23   
23   23   23   24   24   23   24   24   24   24   24   24   24   23   24   24   24   23   24   24   24   26   25   24   24   24   25   24   24   23   23   24   
23   23   24   24   24   23   24   23   23   23   24   24   24   24   24   24   24   24   24   24   24   25   26   26   25   25   25   25   24   24   24   24   
23   23   23   24   24   23   24   24   23   24   24   23   23   24   23   24   24   23   24   24   24   24   28   26   27   26   25   25   25   24   24   24   
24   23   24   23   24   23   23   23   24   23   24   23   23   24   24   23   23   23   23   23   24   24   27   30   29   29   26   26   25   24   24   24   
23   24   24   24   24   23   23   23   23   23   23   23   23   23   24   24   24   24   24   24   23   24   29   29   29   29   26   26   24   24   24   23   
23   23   23   23   23   23   23   24   23   23   23   23   23   24   23   23   23   23   23   23   23   24   28   28   30   28   26   24   24   24   24   24   
24   23   23   24   23   23   23   23   23   23   23   23   23   23   23   24   23   23   23   24   24   23   24   29   26   28   25   25   24   24   24   24   
24   24   23   23   23   23   24   23   23   23   23   23   23   23   23   23   23   23   23   23   24   23   25   24   24   24   24   24   24   24   24   24   
23   23   23   23   23   23   23   23   23   23   23   24   24   23   23   23   23   23   23   23   23   24   24   24   24   24   24   24   24   23   24   24   
23   23   23   23   23   23   24   24   24   24   24   24   24   24   23   23   23   24   23   24   24   24   24   24   24   24   24   24   24   24   23   23   
24   23   23   23   23   24   24   25   25   25   24   25   25   25   24   24   23   23   24   24   24   24   24   24   24   24   24   24   24   24   24   23   
23   23   23   23   23   23   23   23   24   24   24   25   25   25   26   24   27   24   25   25   24   24   24   24   24   24   24   24   24   24   23   23   
23   23   23   23   23   23   23   24   24   24   25   25   25   24   24   28   25   25   24   24   23   24   24   23   24   23   23   24   23   23   23   23   
23   23   23   23   23   23   23   24   24   24   24   23   23   23   24   24   24   23   24   24   23   24   23   24   23   23   24   23   23   23   23   23   
23   23   22   23   23   23   23   23   24   24   24   24   23   23   23   23   23   23   23   23   23   23   23   23   23   23   23   23   23   23   23   23   
23   23   23   22   23   23   23   23   24   23   23   24   23   23   23   23   23   23   23   23   23   23   23   24   23   23   23   23   23   22   23   23   
23   23   23   23   22   23   22   23   23   23   23   24   23   23   24   23   23   23   23   23   23   23   22   23   23   23   23   23   23   23   23   23   
23   23   23   23   23   23   23   23   23   23   23   23   24   23   23   23   23   23   23   22   23   23   23   23   22   23   23   23   23   23   23   22   
22   23   23   23   23   22   23   23   23   23   23   23   23   23   23   23   22   23   23   23   23   23   23   23   22   23   23   23   23   23   23   23   
23   23   23   23   23   23   23   23   23   23   24   23   23   23   23   23   23   23   23   23   23   23   23   23   23   23   23   23   22   22   22   22   
22   22   23   23   23   23   22   23   23   23   23   23   23   23   23   23   23   23   23   23   23   23   23   23   23   23   23   22   22   23   23   23   

Measurement_2:
23   24   24   24   24   24   24   23   24   24   24   24   24   24   24   23   24   24   23   24   24   25   24   24   24   24   24   24   24   23   24   24   
25   23   24   24   24   24   24   24   23   23   24   24   24   24   23   24   24   24   24   24   25   24   24   25   24   24   24   24   24   24   23   23   
24   24   24   24   24   23   24   24   24   23   23   24   24   24   24   24   23   24   24   24   25   27   25   24   24   24   24   24   24   24   24   23   
23   23   23   24   24   23   24   23   24   24   24   24   24   24   24   24   24   24   24   24   24   26   25   24   24   24   25   24   24   23   23   24   
24   23   23   24   24   23   24   23   23   23   23   24   24   24   24   24   24   24   24   24   24   25   26   26   25   25   25   25   24   24   24   24   
23   23   23   24   24   23   24   23   23   24   24   23   23   24   23   24   24   23   24   24   24   25   28   26   27   26   25   25   25   24   24   24   
24   23   23   23   24   23   23   23   24   23   23   23   23   24   24   23   24   23   24   23   24   24   27   30   29   29   26   26   25   24   24   24   
23   23   24   24   24   24   23   23   23   23   23   23   23   24   24   24   24   24   24   24   23   24   29   29   29   29   26   25   24   24   24   23   
23   23   23   23   24   23   23   24   23   23   23   23   23   24   24   23   23   23   24   23   24   24   28   28   30   28   26   24   24   24   24   24   
24   23   23   23   23   23   23   23   23   23   23   23   23   23   23   23   23   23   23   24   24   23   24   28   26   27   25   25   24   24   24   24   
24   24   24   23   23   23   23   23   23   23   23   23   23   23   24   23   23   23   23   23   24   23   25   24   24   24   25   24   25   24   23   24   
23   23   23   23   23   23   23   23   23   23   23   24   24   23   23   23   23   23   23   23   23   24   24   24   24   24   24   24   24   24   24   24   
23   23   23   23   23   23   24   24   24   24   24   24   24   24   23   23   23   24   23   24   24   24   24   24   24   24   24   24   24   24   24   23   
24   23   23   23   23   23   24   25   25   24   24   25   25   25   24   24   23   23   24   25   24   24   24   25   24   24   24   25   24   24   24   24   
23   23   23   23   23   23   24   23   24   24   25   25   25   25   26   24   27   24   25   25   24   24   24   24   24   24   24   24   24   24   23   23   
23   23   23   23   23   23   23   24   24   24   25   25   25   24   24   28   25   25   24   24   23   24   24   24   24   23   23   24   23   23   23   24   
23   23   24   23   23   23   24   24   24   24   24   23   23   23   24   24   23   23   24   24   23   24   23   24   23   23   24   23   23   23   23   23   
23   23   22   24   23   23   23   23   24   24   24   24   23   23   23   23   23   23   23   23   23   23   23   23   23   23   23   24   23   23   23   24   
22   23   23   22   23   23   23   23   23   23   24   24   23   23   23   23   23   23   24   23   23   23   23   24   23   23   23   23   23   22   23   23   
23   22   23   23   22   23   22   23   23   23   23   24   23   23   24   23   23   23   23   23   23   23   22   23   23   23   23   23   23   23   23   23   
23   23   23   23   23   23   23   23   23   23   23   23   24   23   23   23   23   23   23   22   23   23   23   23   23   23   23   23   23   23   23   22   
22   23   23   23   23   22   23   23   23   23   23   24   23   23   23   23   22   23   23   23   23   22   23   23   22   23   23   23   23   23   23   22   
22   23   23   23   23   23   23   23   23   23   24   23   23   23   23   23   23   23   23   23   23   23   23   23   22   23   23   23   23   22   23   22   
22   22   23   23   23   23   22   23   23   23   23   23   23   23   23   23   23   23   23   23   23   23   23   23   23   23   23   23   22   23   23   23   

Measurement_3:
23   24   24   24   23   24   24   23   24   24   24   24   24   24   24   23   24   24   24   24   24   25   24   24   24   24   24   24   24   23   24   24   
25   23   24   24   24   24   24   24   23   24   24   24   24   24   23   24   24   24   24   24   25   24   24   25   24   24   24   24   24   24   23   23   
24   24   24   24   23   23   24   24   24   23   24   24   24   24   24   24   24   24   24   24   25   27   25   24   24   24   24   24   24   24   24   23   
23   23   23   24   24   23   24   23   24   24   24   24   24   23   24   24   24   24   24   24   24   26   25   24   24   24   25   24   24   23   23   24   
23   23   23   24   24   23   24   23   23   23   23   24   24   24   24   24   24   24   24   24   24   25   26   26   25   25   25   25   24   24   24   24   
23   23   23   24   24   24   24   24   23   24   24   24   23   23   23   24   24   23   24   24   24   24   28   25   27   25   25   25   25   24   24   24   
24   23   23   23   23   23   23   23   24   23   24   23   23   24   24   23   23   23   24   23   23   24   28   30   29   29   26   26   25   24   24   24   
23   23   24   24   24   23   23   24   23   23   23   23   23   23   24   24   24   24   24   24   23   24   29   30   29   29   26   25   24   24   24   23   
23   23   23   23   23   23   23   24   23   23   23   23   23   24   24   23   23   23   24   23   23   24   29   28   30   28   26   24   24   24   24   24   
24   23   23   24   23   23   23   23   23   23   23   23   23   23   23   23   23   23   23   24   24   23   24   29   26   28   25   25   24   24   24   24   
23   24   24   23   23   23   24   23   23   23   23   23   23   23   24   23   23   23   23   23   24   23   25   24   24   24   25   24   24   24   24   24   
23   23   23   23   23   23   23   23   23   23   23   23   24   23   23   23   23   23   23   23   23   23   24   24   24   24   24   25   24   24   24   24   
23   23   23   23   23   23   24   24   24   24   24   24   24   24   23   23   23   24   23   24   24   24   24   24   24   24   24   24   24   24   24   23   
24   23   23   23   23   23   24   25   25   24   24   25   25   25   24   24   23   23   24   25   24   24   24   25   24   24   24   25   24   24   24   24   
23   23   23   23   23   23   24   23   24   24   24   25   25   25   26   24   27   24   25   25   24   24   24   24   24   24   24   24   24   24   23   23   
23   23   23   23   23   23   23   24   24   24   25   25   25   24   24   28   25   26   24   24   23   24   24   24   24   23   23   24   23   23   23   24   
23   23   23   23   23   23   24   24   24   24   24   23   23   23   24   24   23   23   24   24   23   24   23   24   23   23   24   23   23   23   24   23   
23   23   22   23   23   23   23   23   24   24   24   24   23   24   23   23   23   24   23   23   23   23   23   23   23   23   23   24   23   23   23   24   
23   23   23   22   23   23   23   23   24   23   24   24   23   23   23   23   23   23   24   23   23   23   23   24   23   23   24   23   23   22   23   23   
23   23   23   23   22   23   22   23   23   23   23   24   23   23   24   23   23   23   23   23   23   23   22   23   23   23   23   23   23   23   23   23   
23   23   23   23   23   23   23   23   23   23   23   23   24   23   23   23   23   23   23   22   23   23   23   23   23   23   23   23   23   23   23   22   
22   23   23   23   23   22   23   23   23   23   23   24   23   23   23   23   22   23   23   23   23   23   23   23   22   23   23   24   23   23   23   22   
23   23   24   23   23   23   23   23   23   23   24   23   23   23   23   23   23   23   23   23   23   23   23   23   23   23   23   23   23   22   23   22   
22   22   23   23   23   23   22   23   23   23   23   23   23   23   23   23   23   23   23   23   23   23   23   23   23   23   23   23   22   22   23   23   

Measurement_4:
24   24   24   24   24   24   24   23   24   24   24   24   24   24   24   23   24   24   24   24   24   25   24   24   24   24   24   24   24   23   24   24   
25   23   24   24   24   24   24   24   23   24   24   24   24   24   23   24   24   24   24   24   25   24   24   25   24   24   24   25   24   24   23   23   
24   24   24   24   24   23   24   24   24   23   24   24   24   24   24   24   24   24   24   24   25   27   25   24   24   24   25   24   24   24   24   23   
23   23   23   24   24   23   24   23   24   24   24   24   24   24   24   24   24   24   24   24   24   26   25   25   24   24   25   24   24   23   23   24   
23   23   24   24   24   23   24   23   23   23   23   24   24   24   24   24   24   24   24   24   24   25   26   26   25   25   25   25   24   24   24   24   
23   23   23   24   24   24   24   24   23   24   24   24   23   24   23   24   24   23   24   24   24   25   28   25   27   26   25   25   25   24   24   24   
24   23   24   23   24   23   23   23   24   23   24   23   23   24   24   23   24   23   24   23   24   24   28   30   29   29   26   26   25   24   24   24   
23   23   24   24   24   23   23   23   23   23   23   24   23   24   24   24   24   24   24   24   23   24   29   30   29   29   26   26   24   24   24   24   
24   23   23   23   24   23   24   24   23   23   23   23   23   24   24   23   23   23   24   23   24   24   29   28   30   28   26   24   25   24   25   24   
24   23   23   24   23   23   23   23   23   23   23   23   23   23   23   24   23   23   23   24   24   24   24   29   26   28   25   25   24   24   24   24   
24   24   24   23   23   23   23   23   23   23   23   23   23   23   24   23   23   23   24   23   24   23   25   24   25   24   25   24   25   24   24   24   
23   23   23   24   23   23   23   23   23   23   23   24   24   23   23   23   23   23   23   24   23   24   24   24   24   24   24   25   24   24   24   24   
23   23   23   23   23   23   24   24   24   24   24   24   24   24   23   23   23   24   23   24   24   24   24   24   24   24   24   24   24   24   24   23   
24   23   23   23   23   23   24   25   25   24   24   25   25   25   24   24   23   23   24   24   24   24   24   24   24   23   24   25   24   24   24   24   
23   23   23   23   23   23   24   23   24   24   25   25   25   25   26   24   26   24   25   25   24   24   24   24   24   24   24   24   24   24   23   23   
23   23   23   23   23   23   23   24   24   24   25   25   25   24   24   28   25   25   24   24   23   24   24   23   24   23   23   24   23   24   23   24   
23   23   23   23   23   23   24   24   24   24   24   23   23   23   24   24   23   23   24   24   23   24   23   24   23   23   24   23   23   23   24   23   
23   23   22   23   23   23   23   23   24   24   24   24   23   23   23   23   23   23   23   23   23   23   23   23   23   23   23   24   23   23   23   24   
23   23   23   22   23   23   23   23   23   23   24   24   23   23   23   23   23   23   24   23   23   23   23   24   23   23   23   23   23   22   23   23   
23   23   23   23   22   23   22   23   23   23   23   24   23   23   24   24   23   23   23   23   23   23   22   23   23   23   23   23   23   23   23   23   
23   23   23   23   23   23   23   23   23   23   23   23   23   23   23   23   23   23   23   22   23   23   23   23   23   23   23   23   23   23   23   22   
22   23   23   23   23   22   23   23   23   23   23   23   23   23   23   23   22   23   23   23   23   22   23   23   22   23   23   24   23   23   23   22   
23   23   23   23   23   23   23   23   23   23   24   23   23   23   23   23   23   23   23   23   23   23   23   23   22   23   23   23   23   22   23   22   
22   22   23   23   23   23   22   23   23   23   23   23   23   23   23   23   23   23   23   23   23   23   23   23   23   23   23   23   22   23   23   23   

Measurement_5:
24   24   24   24   24   24   24   23   24   24   24   24   24   24   24   23   24   24   24   24   24   25   24   24   24   24   24   24   24   23   25   24   
25   24   24   24   24   24   24   24   23   24   24   24   24   24   23   24   24   24   24   24   25   24   24   24   24   24   24   24   24   23   23   24   
24   24   24   24   23   23   24   24   24   23   24   24   24   24   24   24   24   24   24   24   25   27   25   24   24   24   24   24   24   24   24   23   
23   23   23   24   24   23   24   24   24   24   24   24   24   24   24   24   24   23   24   24   24   26   25   24   24   24   25   24   24   23   23   24   
23   23   24   24   24   23   24   23   23   23   23   24   24   24   24   24   24   24   24   24   24   25   26   26   25   25   25   25   24   24   24   24   
23   23   23   24   24   24   24   24   23   24   24   23   23   23   23   24   24   23   24   24   24   25   28   26   27   25   25   25   25   24   24   24   
24   23   24   23   24   23   23   23   24   23   24   23   23   24   24   23   23   23   24   23   24   24   28   30   29   29   26   26   25   24   24   24   
23   23   24   24   24   23   23   23   23   23   23   23   23   24   24   24   24   24   24   24   23   24   29   30   29   30   26   26   24   24   24   23   
24   23   23   23   23   23   23   24   23   23   23   23   23   24   24   23   23   23   24   23   24   24   28   28   30   28   26   24   24   24   25   24   
24   23   23   24   23   23   23   23   23   23   23   23   23   23   23   23   23   23   23   24   24   23   24   29   26   28   25   25   24   24   24   24   
23   24   23   23   23   23   24   23   23   23   23   23   23   23   24   23   23   23   24   23   24   23   25   24   25   24   25   24   24   24   23   24   
23   23   23   24   23   23   23   23   23   23   23   24   24   23   23   23   23   23   23   23   23   24   24   24   24   24   24   24   24   24   24   24   
23   23   23   23   23   23   23   24   25   24   24   24   24   24   23   23   23   24   23   24   24   24   24   24   24   24   24   24   24   24   23   23   
24   23   23   23   23   23   24   25   25   25   24   25   25   25   24   23   23   23   24   25   24   24   24   24   24   24   24   24   24   24   24   24   
24   23   23   23   23   23   24   23   24   24   24   25   25   25   25   24   27   24   25   25   24   24   24   24   23   24   24   24   24   24   23   23   
23   23   23   23   23   23   23   24   24   24   25   25   25   25   24   28   25   27   24   24   23   24   24   24   24   24   23   24   23   24   23   24   
23   23   23   23   23   23   24   24   24   24   24   23   23   23   25   24   25   23   24   24   23   24   23   24   23   23   23   23   23   23   23   23   
23   23   22   23   23   23   23   23   24   23   24   24   23   23   23   24   23   24   23   23   23   23   23   23   23   23   23   23   23   23   23   23   
23   23   23   22   23   23   23   23   23   23   23   24   23   23   23   23   23   23   24   23   23   23   23   24   23   23   24   23   23   22   23   23   
23   23   23   23   22   23   22   22   23   23   23   24   23   23   24   23   23   23   23   23   23   23   22   23   23   23   23   23   23   23   23   23   
22   23   23   23   23   23   23   23   23   23   23   23   23   23   23   23   23   23   23   22   23   23   23   23   23   23   23   23   23   23   23   22   
22   23   23   23   23   22   23   23   23   23   23   23   23   23   23   23   22   23   23   23   23   23   23   23   22   22   23   23   23   23   23   23   
22   23   22   23   23   23   23   23   23   23   23   23   22   23   23   23   23   23   22   23   23   23   23   23   23   23   23   23   23   22   23   22   
22   22   23   22   23   23   22   23   23   22   23   23   23   22   23   23   23   23   23   23   23   22   23   23   23   23   23   22   22   23   23   23   

Sensor 1 Maximum Error Table:
1   0   0   0   1   0   0   0   0   0   0   0   0   0   0   0   0   0   1   0   0   0   0   0   0   0   0   0   0   0   1   0   
0   1   0   0   0   0   0   0   0   1   0   0   0   0   0   0   0   0   0   1   0   0   0   1   0   0   0   1   0   1   0   1   
0   0   0   0   1   0   0   0   0   0   1   0   0   0   0   0   1   0   0   0   0   0   0   0   0   0   1   0   0   0   0   0   
0   0   0   0   0   0   0   1   0   0   0   0   0   1   0   0   0   1   0   0   0   0   0   1   0   0   0   0   0   0   0   0   
1   0   1   0   0   0   0   0   0   0   1   0   0   0   0   0   0   0   0   0   0   0   0   0   0   0   0   0   0   0   0   0   
0   0   0   0   0   1   0   1   0   0   0   1   0   1   0   0   0   0   0   0   0   1   0   1   0   1   0   0   0   0   0   0   
0   0   1   0   1   0   0   0   0   0   1   0   0   0   0   0   1   0   1   0   1   0   1   0   0   0   0   0   0   0   0   0   
0   1   0   0   0   1   0   1   0   0   0   1   0   1   0   0   0   0   0   0   0   0   0   1   0   1   0   1   0   0   0   1   
1   0   0   0   1   0   1   0   0   0   0   0   0   0   1   0   0   0   1   0   1   0   1   0   0   0   0   0   1   0   1   0   
0   0   0   1   0   0   0   0   0   0   0   0   0   0   0   1   0   0   0   0   0   1   0   1   0   1   0   0   0   0   0   0   
1   0   1   0   0   0   1   0   0   0   0   0   0   0   1   0   0   0   1   0   0   0   0   0   1   0   1   0   1   0   1   0   
0   0   0   1   0   0   0   0   0   0   0   1   0   0   0   0   0   0   0   1   0   1   0   0   0   0   0   1   0   1   0   0   
0   0   0   0   0   0   1   0   1   0   0   0   0   0   0   0   0   0   0   0   0   0   0   0   0   0   0   0   0   0   1   0   
0   0   0   0   0   1   0   0   0   1   0   0   0   0   0   1   0   0   0   1   0   0   0   1   0   1   0   1   0   0   0   1   
1   0   0   0   0   0   1   0   0   0   1   0   0   0   1   0   1   0   0   0   0   0   0   0   1   0   0   0   0   0   0   0   
0   0   0   0   0   0   0   0   0   0   0   0   0   1   0   0   0   2   0   0   0   0   0   1   0   1   0   0   0   1   0   1   
0   0   1   0   0   0   1   0   0   0   0   0   0   0   1   0   2   0   0   0   0   0   0   0   0   0   1   0   0   0   1   0   
0   0   0   1   0   0   0   0   0   1   0   0   0   1   0   1   0   1   0   0   0   0   0   0   0   0   0   1   0   0   0   1   
1   0   0   0   0   0   0   0   1   0   1   0   0   0   0   0   0   0   1   0   0   0   0   0   0   0   1   0   0   0   0   0   
0   1   0   0   0   0   0   1   0   0   0   0   0   0   0   1   0   0   0   0   0   0   0   0   0   0   0   0   0   0   0   0   
1   0   0   0   0   0   0   0   0   0   0   0   1   0   0   0   0   0   0   0   0   0   0   0   1   0   0   0   0   0   0   0   
0   0   0   0   0   0   0   0   0   0   0   1   0   0   0   0   0   0   0   0   0   1   0   0   0   1   0   1   0   0   0   1   
1   0   2   0   0   0   0   0   0   0   1   0   1   0   0   0   0   0   1   0   0   0   0   0   1   0   0   0   1   0   1   0   
0   0   0   1   0   0   0   0   0   1   0   0   0   1   0   0   0   0   0   0   0   1   0   0   0   0   0   1   0   1   0   0   

Sensor 1 MSE Table:
0   0   0   0   0   0   0   0   0   0   0   0   0   0   0   0   0   0   0   0   0   0   0   0   0   0   0   0   0   0   0   0   
0   0   0   0   0   0   0   0   0   0   0   0   0   0   0   0   0   0   0   0   0   0   0   0   0   0   0   0   0   0   0   0   
0   0   0   0   0   0   0   0   0   0   0   0   0   0   0   0   0   0   0   0   0   0   0   0   0   0   0   0   0   0   0   0   
0   0   0   0   0   0   0   0   0   0   0   0   0   0   0   0   0   0   0   0   0   0   0   0   0   0   0   0   0   0   0   0   
0   0   0   0   0   0   0   0   0   0   0   0   0   0   0   0   0   0   0   0   0   0   0   0   0   0   0   0   0   0   0   0   
0   0   0   0   0   0   0   0   0   0   0   0   0   0   0   0   0   0   0   0   0   0   0   0   0   0   0   0   0   0   0   0   
0   0   0   0   0   0   0   0   0   0   0   0   0   0   0   0   0   0   0   0   0   0   0   0   0   0   0   0   0   0   0   0   
0   0   0   0   0   0   0   0   0   0   0   0   0   0   0   0   0   0   0   0   0   0   0   0   0   0   0   0   0   0   0   0   
0   0   0   0   0   0   0   0   0   0   0   0   0   0   0   0   0   0   0   0   0   0   0   0   0   0   0   0   0   0   0   0   
0   0   0   0   0   0   0   0   0   0   0   0   0   0   0   0   0   0   0   0   0   0   0   0   0   0   0   0   0   0   0   0   
0   0   0   0   0   0   0   0   0   0   0   0   0   0   0   0   0   0   0   0   0   0   0   0   0   0   0   0   0   0   0   0   
0   0   0   0   0   0   0   0   0   0   0   0   0   0   0   0   0   0   0   0   0   0   0   0   0   0   0   0   0   0   0   0   
0   0   0   0   0   0   0   0   0   0   0   0   0   0   0   0   0   0   0   0   0   0   0   0   0   0   0   0   0   0   0   0   
0   0   0   0   0   0   0   0   0   0   0   0   0   0   0   0   0   0   0   0   0   0   0   0   0   0   0   0   0   0   0   0   
0   0   0   0   0   0   0   0   0   0   0   0   0   0   0   0   0   0   0   0   0   0   0   0   0   0   0   0   0   0   0   0   
0   0   0   0   0   0   0   0   0   0   0   0   0   0   0   0   0   0   0   0   0   0   0   0   0   0   0   0   0   0   0   0   
0   0   0   0   0   0   0   0   0   0   0   0   0   0   0   0   0   0   0   0   0   0   0   0   0   0   0   0   0   0   0   0   
0   0   0   0   0   0   0   0   0   0   0   0   0   0   0   0   0   0   0   0   0   0   0   0   0   0   0   0   0   0   0   0   
0   0   0   0   0   0   0   0   0   0   0   0   0   0   0   0   0   0   0   0   0   0   0   0   0   0   0   0   0   0   0   0   
0   0   0   0   0   0   0   0   0   0   0   0   0   0   0   0   0   0   0   0   0   0   0   0   0   0   0   0   0   0   0   0   
0   0   0   0   0   0   0   0   0   0   0   0   0   0   0   0   0   0   0   0   0   0   0   0   0   0   0   0   0   0   0   0   
0   0   0   0   0   0   0   0   0   0   0   0   0   0   0   0   0   0   0   0   0   0   0   0   0   0   0   0   0   0   0   0   
0   0   0   0   0   0   0   0   0   0   0   0   0   0   0   0   0   0   0   0   0   0   0   0   0   0   0   0   0   0   0   0   
0   0   0   0   0   0   0   0   0   0   0   0   0   0   0   0   0   0   0   0   0   0   0   0   0   0   0   0   0   0   0   0   

Sensor 1 Sum of Maximum Errors: 143
Sensor 1 Sum of MSE: 0

Sensor 2 Measurements:
Measurement_1:
18	18	19	18	19	19	19	18	
18	18	18	19	19	19	19	19	
18	18	18	19	19	21	19	19	
17	18	19	19	19	19	19	19	
18	18	18	19	19	18	19	19	
18	18	18	19	19	18	18	18	
17	17	18	18	18	18	18	18	
17	18	18	18	18	18	18	18	

Measurement_2:
18	19	19	18	19	19	19	19	
18	18	18	19	19	19	19	19	
18	18	18	18	19	21	19	19	
18	18	18	19	19	19	19	19	
18	18	18	19	19	18	19	19	
18	18	18	19	18	18	18	18	
17	17	18	18	18	18	18	18	
18	18	18	18	18	18	18	18	

Measurement_3:
18	18	18	18	19	18	19	19	
18	18	18	19	19	19	19	19	
17	18	18	19	19	21	19	19	
18	18	18	19	19	19	19	19	
18	18	18	19	19	19	19	19	
17	18	18	19	19	18	18	19	
17	17	18	18	18	18	18	18	
18	18	18	18	18	18	18	18	

Measurement_4:
18	19	19	18	19	19	19	19	
18	18	19	19	19	19	19	19	
18	18	18	18	20	21	19	19	
18	18	18	19	19	19	19	19	
18	18	18	19	19	19	19	19	
18	18	18	19	19	18	18	18	
17	17	18	18	18	18	18	18	
17	18	18	18	18	18	18	18	

Measurement_5:
18	19	19	18	19	19	19	19	
18	19	18	19	19	19	19	19	
18	18	18	19	20	21	19	19	
18	18	19	19	19	19	19	19	
18	18	18	19	19	18	19	19	
18	18	19	19	19	18	18	18	
17	17	18	18	18	18	18	18	
18	17	18	18	18	18	18	18	

Sensor 2 Maximum Error Table:
0	1	1	0	0	1	0	1	
0	1	1	0	0	0	0	0	
1	0	0	1	1	0	0	0	
1	0	1	0	0	0	0	0	
0	0	0	0	0	1	0	0	
1	0	1	0	1	0	0	1	
0	0	0	0	0	0	0	0	
1	1	0	0	0	0	0	0	

Sensor 2 MSE Table:
0	0	0	0	0	0	0	0	
0	0	0	0	0	0	0	0	
0	0	0	0	0	0	0	0	
0	0	0	0	0	0	0	0	
0	0	0	0	0	0	0	0	
0	0	0	0	0	0	0	0	
0	0	0	0	0	0	0	0	
0	0	0	0	0	0	0	0	

Sensor 2 Sum of Maximum Errors: 18
Sensor 2 Sum of MSE: 0
