Sensor 1 Measurements:
Measurement_1:
3016	3064	3172	3169	3311	3337	3385	3572	
3330	3397	3487	3585	3653	3692	3777	3872	
183	185	186	187	186	189	192	192	
182	182	182	181	183	186	190	190	
180	180	182	178	179	185	186	191	
179	179	180	179	180	184	184	187	
155	159	162	166	166	165	161	159	
110	109	112	113	115	109	110	107	

Measurement_2:
2991	3043	3174	3193	3339	3334	3431	3552	
3357	3394	3461	3574	3658	3732	3765	3890	
183	184	186	186	186	189	191	192	
182	182	183	181	182	186	189	190	
180	180	181	178	179	186	187	191	
179	179	181	178	180	184	184	186	
154	161	162	166	166	166	162	161	
110	109	112	112	115	109	110	106	

Measurement_3:
3066	3161	3207	3167	3159	3307	3439	3510	
3336	3390	3488	3567	3643	3692	3759	3878	
183	185	186	187	186	189	192	191	
182	182	183	181	183	186	189	190	
180	181	181	179	180	186	187	191	
179	179	181	179	181	183	184	187	
155	160	163	166	166	166	162	160	
110	110	112	113	115	109	110	107	

Sensor 1 Maximum Error Table:
75	118	35	26	180	30	54	62	
27	7	27	18	15	40	18	18	
0	1	0	1	0	0	1	1	
0	0	1	0	1	0	1	0	
0	1	1	1	1	1	1	0	
0	0	1	1	1	1	0	1	
1	2	1	0	0	1	1	2	
0	1	0	1	0	0	0	1	

Sensor 1 MSE Table:
972	2641	257	139	6254	182	566	667	
134	8	156	54	38	355	56	56	
0	0	0	0	0	0	0	0	
0	0	0	0	0	0	0	0	
0	0	0	0	0	0	0	0	
0	0	0	0	0	0	0	0	
0	0	0	0	0	0	0	0	
0	0	0	0	0	0	0	0	

Sensor 1 Sum of Maximum Errors: 779
Sensor 1 Sum of MSE: 12535

Sensor 2 Measurements:
Measurement_1:
3000	3047	3069	3186	3215	3279	3376	3441	
3313	3382	3455	3543	3626	3685	3763	3843	
192	195	195	197	198	201	202	206	
191	191	193	193	194	198	199	201	
189	190	191	188	189	196	199	201	
189	189	190	191	192	195	196	197	
175	177	181	185	184	185	185	184	
130	130	132	136	138	134	131	131	

Measurement_2:
3001	3058	3086	3148	3205	3307	3372	3512	
3314	3382	3436	3521	3614	3674	3754	3840	
192	194	195	196	198	201	200	205	
191	192	193	193	194	198	198	201	
189	190	191	189	190	196	199	201	
189	189	190	191	192	194	196	197	
175	177	181	184	184	185	186	184	
130	130	133	137	138	133	131	131	

Measurement_3:
2998	3023	3103	3147	3226	3280	3373	3465	
3334	3388	3452	3540	3601	3678	3748	3835	
191	194	195	197	198	201	202	205	
191	192	193	193	194	198	198	201	
189	190	191	189	189	195	199	201	
189	188	190	191	192	195	197	197	
175	177	181	185	184	186	186	184	
130	130	133	136	138	134	131	132	

Sensor 2 Maximum Error Table:
3	35	34	39	21	28	4	71	
21	6	19	22	25	11	15	8	
1	1	0	1	0	0	2	1	
0	1	0	0	0	0	1	0	
0	0	0	1	1	1	0	0	
0	1	0	0	0	1	1	0	
0	0	0	1	0	1	1	0	
0	0	1	1	0	1	0	1	

Sensor 2 MSE Table:
1	213	192	329	73	168	2	869	
93	8	69	94	104	20	38	10	
0	0	0	0	0	0	0	0	
0	0	0	0	0	0	0	0	
0	0	0	0	0	0	0	0	
0	0	0	0	0	0	0	0	
0	0	0	0	0	0	0	0	
0	0	0	0	0	0	0	0	

Sensor 2 Sum of Maximum Errors: 383
Sensor 2 Sum of MSE: 2283
