Sensor 1 Measurements:
Measurement_1:
23	24	24	24	23	24	24	24	24	24	24	24	24	24	24	24	24	24	24	24	25	24	24	24	24	24	24	24	24	24	24	24	
24	23	24	24	24	24	24	24	23	24	24	25	24	24	24	24	24	24	24	24	25	25	24	25	24	24	24	24	24	24	24	23	
24	24	24	24	24	23	24	24	24	24	24	24	24	24	24	24	24	24	24	24	25	27	25	25	24	24	25	24	25	24	24	23	
23	23	23	24	24	24	24	23	24	24	24	24	24	24	24	24	24	24	24	24	24	26	25	25	24	25	24	25	24	24	23	24	
23	23	23	24	24	23	24	23	23	23	23	24	24	24	24	24	24	24	24	24	24	25	27	25	28	25	26	25	24	24	24	24	
23	23	23	24	24	24	24	24	24	24	24	24	23	24	24	24	24	23	24	24	24	25	26	29	26	29	25	26	24	24	23	24	
24	24	23	23	24	24	23	24	24	23	24	23	23	24	24	24	24	24	24	23	24	24	28	30	29	29	27	26	25	24	24	24	
24	23	24	24	24	24	23	24	23	23	24	23	23	23	24	24	24	24	24	24	24	24	29	30	30	30	27	25	24	24	25	24	
23	23	23	23	24	23	23	24	23	23	23	23	23	24	24	23	23	24	24	24	24	24	27	30	26	29	24	25	25	24	24	24	
24	23	23	24	23	23	23	23	24	23	23	23	23	23	23	23	23	23	23	24	24	23	27	24	28	24	25	25	25	24	24	24	
23	24	23	23	23	23	24	24	23	23	23	23	23	23	24	24	23	23	23	23	24	23	24	24	24	24	25	24	24	24	23	24	
23	23	23	24	23	23	24	23	24	23	23	24	23	23	23	23	23	23	24	23	23	23	24	24	24	24	24	24	24	24	24	24	
23	23	23	23	23	24	23	24	23	23	24	24	24	24	23	23	23	24	23	24	24	24	24	24	24	24	24	24	24	24	23	23	
24	23	23	23	23	23	24	24	24	24	24	25	25	25	24	24	24	24	24	24	24	24	24	24	24	23	24	25	24	24	24	24	
23	23	23	23	23	23	24	23	24	24	25	24	25	25	26	26	26	26	25	25	24	24	24	24	24	24	24	24	24	24	23	23	
24	23	23	23	23	23	23	24	24	24	25	25	25	24	26	28	27	25	24	24	24	24	24	24	24	23	24	24	23	23	23	24	
23	23	23	23	23	23	24	24	24	24	24	23	23	23	24	24	24	23	24	24	23	24	23	23	23	23	24	23	23	23	23	23	
23	23	23	24	23	23	23	23	24	24	23	24	23	23	23	23	24	24	23	23	23	23	24	23	24	23	23	23	23	23	23	23	
23	23	23	23	23	23	23	23	24	24	23	24	23	24	23	23	23	23	24	24	23	23	23	23	23	23	23	23	23	22	23	23	
23	23	23	23	23	23	23	23	23	23	24	24	23	23	23	23	23	23	23	23	23	23	23	23	23	23	23	23	23	23	23	23	
22	23	23	23	23	23	23	23	23	23	23	23	24	23	23	23	23	23	23	23	23	23	23	23	23	23	23	24	23	22	23	22	
23	23	23	23	23	23	23	24	23	23	23	23	23	23	22	23	23	23	23	23	24	22	23	23	23	23	23	23	23	23	23	22	
23	23	23	22	23	23	23	23	23	23	24	23	23	23	23	23	23	23	23	23	23	23	23	23	22	23	23	23	23	23	23	22	
23	22	23	23	23	23	23	23	23	23	23	23	23	23	22	23	23	23	23	23	23	23	23	23	23	23	23	22	23	22	23	23	

Measurement_2:
23	25	24	24	23	24	24	23	24	24	24	24	24	24	24	24	24	24	24	24	25	24	24	24	24	24	24	24	24	24	24	24	
24	23	24	24	24	24	24	24	24	24	24	25	24	24	23	24	24	24	24	24	25	25	25	25	24	24	24	24	24	24	24	23	
24	24	24	23	24	23	24	24	24	24	24	24	24	24	24	24	24	24	24	24	25	28	25	24	24	24	25	24	25	24	24	23	
24	23	24	24	24	24	24	23	24	24	24	24	24	24	24	24	24	24	24	24	24	26	25	25	24	25	24	25	24	24	23	24	
23	23	23	24	24	23	24	23	23	24	23	24	24	24	24	24	24	24	24	24	24	25	27	25	28	25	26	25	24	25	24	24	
23	23	23	24	24	24	24	24	24	24	23	24	24	24	23	24	24	23	24	24	24	25	26	29	27	29	25	26	25	24	24	24	
24	24	23	23	24	24	23	23	24	23	24	23	23	24	24	23	24	24	24	23	24	24	28	30	29	29	27	26	25	24	24	24	
24	23	24	24	24	24	23	24	23	23	23	23	23	23	24	24	24	24	24	24	24	24	29	30	30	30	27	25	24	24	24	24	
23	23	23	23	24	23	23	23	23	23	23	23	23	24	24	23	23	23	24	24	24	24	27	30	26	29	24	25	25	24	24	24	
24	23	23	24	23	23	23	23	24	23	23	23	24	23	23	23	23	23	23	24	24	23	26	24	28	24	25	25	24	24	24	24	
23	24	23	23	23	23	24	24	23	23	23	23	23	23	24	24	23	24	23	23	24	23	24	24	24	24	25	24	24	24	23	24	
24	23	23	24	23	23	24	23	24	23	23	24	24	23	23	23	23	23	23	23	24	23	24	24	24	24	24	24	24	24	24	24	
23	23	23	23	23	23	23	23	23	23	24	24	24	24	23	23	23	24	23	24	24	24	24	24	24	24	24	24	24	24	23	23	
23	23	23	23	23	23	24	24	24	24	24	25	25	25	24	24	24	24	24	24	24	24	24	24	24	23	24	25	24	24	24	24	
23	23	23	23	23	23	24	24	24	24	25	25	25	25	26	26	26	26	25	25	24	24	24	24	24	24	24	24	24	24	23	23	
23	23	23	23	23	23	23	24	24	24	25	25	25	24	26	28	27	25	24	24	24	24	24	24	23	23	24	24	23	23	23	24	
23	23	23	23	23	23	24	24	24	24	24	24	23	23	24	24	24	23	24	24	23	24	23	24	23	24	24	23	23	23	23	23	
23	23	23	24	23	23	23	23	24	24	24	24	23	23	24	23	24	24	23	23	23	23	24	23	23	23	24	23	23	23	23	23	
23	23	23	22	23	23	23	23	24	24	23	24	23	23	23	23	23	23	24	24	23	23	23	23	23	23	23	23	23	23	23	23	
23	23	23	23	23	23	23	23	23	23	24	24	23	23	23	23	23	23	23	23	23	23	23	23	23	23	23	23	23	23	23	23	
22	23	23	23	23	23	23	23	23	23	23	23	24	23	23	23	23	23	23	23	23	23	23	23	23	23	23	23	23	23	23	22	
22	23	23	23	22	23	23	24	23	23	23	23	23	23	22	23	23	23	23	23	23	22	23	23	23	23	23	23	23	23	23	22	
23	23	23	22	23	23	23	23	23	23	24	23	23	23	23	23	23	23	23	23	23	23	23	23	22	23	23	23	23	23	23	23	
23	22	23	23	23	23	22	23	23	23	23	23	23	23	23	23	23	23	22	23	23	23	23	23	23	23	23	22	22	22	23	23	

Measurement_3:
23	24	24	24	23	24	24	24	24	24	24	24	24	24	24	24	24	24	24	24	25	24	24	24	24	24	24	24	24	23	24	24	
24	23	24	24	24	24	24	24	23	24	24	25	24	24	23	24	24	24	24	24	25	25	24	25	24	24	24	24	24	24	24	23	
24	24	24	23	24	23	24	24	24	24	24	24	24	24	24	24	24	24	24	24	25	27	25	24	24	24	25	24	25	24	24	23	
24	23	24	24	24	24	24	23	24	24	24	24	24	24	24	24	24	24	24	24	24	26	25	25	24	25	24	25	24	24	23	24	
23	23	23	23	24	24	24	23	23	23	23	24	24	24	24	24	24	24	24	24	24	25	27	25	28	25	26	25	24	24	24	24	
23	23	23	24	24	24	23	24	24	24	24	24	24	24	23	24	24	23	24	24	24	25	26	29	27	29	25	26	25	24	23	24	
24	24	23	23	24	24	23	23	24	23	24	23	23	24	24	24	24	24	24	23	24	24	28	30	29	29	27	26	25	25	24	24	
24	23	24	24	24	24	23	24	23	23	23	23	24	23	24	24	24	24	24	24	24	24	29	30	30	30	27	25	24	24	24	24	
23	23	23	23	24	23	23	24	23	23	23	23	23	24	24	23	23	23	24	24	24	24	27	29	26	29	24	25	25	24	24	24	
24	23	23	24	23	23	23	23	24	23	24	23	23	23	23	23	23	23	23	24	24	23	26	24	28	24	25	25	25	24	24	24	
23	24	23	23	23	23	24	24	23	23	23	23	23	23	24	24	23	24	23	23	24	23	24	24	24	24	25	24	24	24	23	24	
24	23	23	24	23	23	24	23	23	23	23	24	24	23	23	23	23	23	23	23	23	23	24	24	24	24	24	24	24	24	24	24	
23	23	23	23	23	23	23	24	23	23	24	24	24	24	23	23	23	24	23	24	24	24	24	24	24	24	24	24	24	24	23	23	
24	23	23	23	23	23	24	24	24	24	25	25	26	25	24	24	24	24	24	24	24	24	24	24	24	23	24	25	24	24	24	24	
23	23	23	23	23	23	24	23	24	24	25	25	25	25	26	26	26	26	25	25	24	24	24	24	24	24	24	24	24	24	23	23	
23	23	23	23	23	23	23	24	24	24	25	25	25	24	26	28	27	25	24	24	23	24	24	24	23	23	24	24	23	23	23	24	
23	23	23	23	23	23	24	24	24	24	24	24	23	23	24	24	24	23	24	24	23	24	23	23	23	24	24	23	23	23	23	23	
23	23	23	24	23	23	23	23	24	24	24	24	23	23	23	23	23	24	23	23	23	23	24	23	23	23	23	23	23	23	24	23	
23	23	23	23	23	23	23	23	24	23	23	24	23	23	23	23	23	23	24	24	23	23	23	24	23	23	23	23	23	23	23	23	
23	23	23	23	23	23	23	23	23	23	24	24	23	23	24	23	23	23	23	23	23	23	23	23	23	23	23	23	23	23	23	23	
22	23	23	23	23	23	23	24	23	23	23	23	24	23	23	23	23	23	23	23	23	23	23	23	23	23	23	23	23	23	23	23	
22	23	23	23	22	23	23	24	23	23	23	23	23	23	23	23	23	23	23	23	23	22	23	23	23	23	23	23	23	23	23	22	
23	22	23	23	23	23	23	23	23	23	24	23	23	23	23	23	23	23	23	23	23	23	23	23	22	23	23	23	23	22	23	22	
23	22	23	23	23	23	23	23	23	23	24	23	23	23	23	23	23	23	23	23	22	23	23	23	23	23	23	22	22	22	23	23	

Measurement_4:
23	24	24	24	23	24	24	24	24	24	24	24	24	24	24	24	24	24	24	24	25	24	24	25	24	24	24	24	24	24	24	24	
24	23	24	24	24	24	24	24	23	24	24	25	24	24	24	24	23	24	24	24	25	25	24	25	24	24	24	24	24	24	23	23	
24	24	24	23	24	23	24	24	24	24	24	24	24	24	24	24	24	24	24	24	25	27	25	24	24	24	25	24	25	24	24	23	
24	23	23	24	24	24	24	23	24	24	24	24	24	24	24	24	24	24	24	24	24	26	25	25	24	25	24	25	24	24	23	24	
23	23	23	24	24	23	24	23	23	23	23	24	24	24	24	24	24	24	24	24	24	25	27	25	28	25	26	25	24	24	24	24	
23	23	24	24	24	24	24	24	24	24	23	24	24	24	23	24	24	23	24	24	24	25	26	29	26	29	25	26	24	24	23	24	
24	23	23	23	24	23	23	24	24	23	24	23	23	24	24	23	24	23	24	23	24	24	28	30	29	29	27	26	25	25	24	24	
24	23	24	24	24	24	24	24	24	23	24	23	23	23	24	24	24	24	24	24	24	24	29	30	30	30	27	25	24	24	24	24	
23	23	23	23	24	23	23	24	23	23	23	23	23	23	24	23	23	23	24	24	24	24	27	30	26	29	24	25	25	24	24	24	
23	23	23	24	23	23	24	23	24	23	24	23	23	23	23	23	23	23	23	24	24	23	27	24	28	24	25	25	24	24	24	24	
23	23	23	23	23	23	24	24	23	23	23	24	23	23	24	24	23	24	23	23	24	23	24	24	24	24	25	24	24	24	23	23	
23	23	24	24	23	23	24	23	23	23	23	24	23	23	23	23	23	23	23	23	23	23	24	24	24	24	24	24	24	24	24	24	
24	23	23	23	23	23	24	24	23	23	24	24	24	24	23	23	23	24	24	24	24	24	24	24	24	24	24	24	24	24	24	23	
24	23	23	23	23	23	24	23	24	24	25	25	26	25	24	24	24	23	24	24	24	24	24	24	24	23	24	25	24	24	24	24	
23	23	23	23	23	23	24	23	24	24	24	25	25	25	26	26	27	26	25	25	24	24	24	24	24	24	24	24	24	24	23	23	
23	23	23	23	23	24	23	24	24	24	25	25	25	24	26	28	27	25	24	24	23	24	24	23	23	23	24	24	23	24	23	24	
23	23	23	23	23	23	24	24	24	24	24	24	23	23	24	24	23	23	23	24	23	24	23	23	23	24	24	23	23	23	24	23	
23	23	23	24	23	23	23	23	24	24	24	24	23	23	23	23	23	23	23	23	23	23	24	23	23	23	23	24	23	23	24	23	
22	23	22	23	23	23	23	23	24	23	24	24	23	23	23	23	23	23	23	24	23	23	23	24	23	23	23	23	23	23	23	23	
23	23	23	22	23	23	23	23	23	23	24	24	23	23	24	23	23	23	23	23	23	23	23	23	23	23	23	23	23	23	23	23	
23	23	23	23	23	23	23	24	23	23	23	23	23	23	23	23	23	23	23	23	23	23	23	23	23	23	23	23	23	23	23	23	
22	23	23	23	22	23	23	23	23	23	23	24	23	23	23	23	23	23	23	23	23	23	23	23	23	23	23	23	23	23	23	23	
23	22	23	23	23	23	23	23	23	23	24	23	23	23	23	23	23	23	23	23	23	23	23	23	23	23	23	23	23	22	22	22	
23	22	23	23	23	23	23	23	23	23	24	23	23	23	23	23	23	23	23	23	22	23	23	23	23	23	23	22	22	23	23	23	

Measurement_5:
24	24	24	24	24	24	24	24	24	24	24	24	24	24	24	24	24	24	24	24	24	24	24	25	24	24	24	24	24	24	24	24	
24	23	24	24	24	24	24	24	23	24	24	25	24	24	24	24	23	24	24	24	25	25	24	25	24	24	24	24	24	24	23	23	
24	24	24	23	24	23	24	24	24	24	24	24	24	24	24	24	24	24	24	24	25	27	25	24	24	24	24	24	25	24	24	23	
24	23	23	24	24	23	24	24	24	24	24	24	24	24	24	24	24	24	24	24	24	26	25	24	24	25	24	24	24	24	23	24	
23	23	24	24	24	23	24	23	23	23	24	24	24	24	24	24	24	24	24	24	24	25	26	25	25	25	25	25	24	24	24	24	
23	23	24	24	24	24	24	24	24	24	23	24	24	24	23	24	24	23	24	24	24	25	26	27	26	26	25	26	24	24	23	24	
24	23	23	23	24	23	23	24	24	23	24	23	23	24	24	23	24	23	24	23	24	24	28	30	29	29	26	26	25	25	24	24	
24	23	24	24	24	23	24	23	24	24	24	23	23	24	24	24	24	24	24	24	24	24	29	30	30	30	27	26	24	24	24	23	
23	23	23	23	24	23	23	24	23	23	23	23	24	23	24	23	24	23	24	24	24	24	29	30	29	29	26	25	25	24	25	24	
23	23	23	24	23	23	24	23	24	23	24	23	23	23	23	23	23	23	23	24	24	23	27	28	28	28	25	25	24	24	24	24	
24	23	24	23	23	23	24	24	23	23	24	24	23	23	23	24	23	24	23	23	24	23	24	24	25	24	25	24	24	24	24	23	
23	23	24	23	23	23	24	23	23	23	23	24	23	23	23	23	23	23	23	23	23	24	24	24	24	24	24	24	24	24	24	24	
23	23	23	23	23	23	24	24	23	23	24	24	24	24	23	23	23	24	24	24	24	24	24	24	24	24	24	24	24	24	24	23	
24	23	23	24	23	23	24	24	24	24	25	25	26	25	24	24	24	24	24	24	24	24	24	24	24	23	24	25	24	24	24	24	
23	23	23	23	23	23	24	23	24	24	24	25	25	25	26	26	27	26	25	25	24	24	24	24	24	24	24	24	24	24	23	23	
23	23	23	23	23	23	23	24	24	24	25	25	25	25	26	28	27	25	24	24	23	24	24	24	23	24	24	24	23	23	23	24	
24	23	23	23	23	23	24	24	24	24	24	24	23	23	24	24	24	23	23	24	23	24	23	23	23	24	24	23	23	23	24	23	
23	23	23	23	23	23	23	23	24	24	24	24	23	24	23	23	23	24	23	23	23	23	24	23	23	23	23	23	23	23	24	24	
23	23	23	23	23	23	23	23	24	23	24	24	23	23	23	23	23	23	24	24	23	23	23	24	23	23	23	23	23	23	23	23	
23	23	23	23	23	23	23	23	23	24	24	24	23	23	24	23	23	23	23	23	23	23	23	23	23	23	23	23	23	23	23	23	
23	23	23	23	23	23	23	24	23	23	24	23	24	23	23	23	23	23	23	23	23	23	23	23	23	23	23	23	23	23	23	23	
22	23	23	23	22	23	23	23	23	23	23	24	23	23	23	23	23	23	23	23	23	23	23	23	23	23	23	23	23	23	23	23	
23	22	23	23	23	23	23	23	23	23	24	23	23	23	23	23	23	23	23	23	23	23	23	23	23	23	23	23	23	22	23	22	
23	22	23	23	23	23	23	23	23	23	24	23	23	23	23	23	23	23	23	23	22	23	23	23	23	23	23	23	22	22	23	23	

Sensor 1 Maximum Error Table:
0	0	0	1	0	0	0	0	0	1	0	0	0	0	0	1	0	1	1	0	0	0	0	1	0	0	0	0	0	1	0	0	
0	1	0	0	0	0	0	1	0	1	1	0	0	0	0	1	0	0	0	0	0	1	0	0	0	1	0	0	0	0	0	1	
0	1	1	0	0	0	0	1	0	0	0	0	0	1	0	0	0	1	0	0	0	0	0	1	0	0	0	0	0	1	0	0	
0	0	0	0	0	1	0	0	0	1	0	0	0	0	0	1	0	0	0	0	0	1	0	0	0	0	0	0	0	0	0	0	
0	1	0	0	0	0	0	1	0	0	0	0	0	1	0	0	0	0	0	0	0	0	0	0	0	0	0	0	0	0	1	0	
0	0	0	0	0	1	0	0	0	0	0	0	0	0	0	0	0	0	0	0	0	0	1	0	174720	0	0	1	845400464	0	32	22528	
0	0	0	0	0	0	0	0	0	0	0	0	0	0	1	0	174720	0	0	1	845400464	0	32	22528	176321	22581	0	842845905	22581	0	842845904	846100400	
0	0	0	0	0	0	1	0	174720	0	0	1	845400464	0	32	22528	176321	22581	0	842845905	22581	0	842845904	846100400	845379216	1	1179635	608189217	846102192	845383392	0	845380912	
174720	0	0	1	845400464	0	32	22528	176321	22581	0	842845905	22581	0	842845904	846100400	845379216	1	1179635	608189217	846102192	845383392	0	845380912	846101552	0	0	846101552	31617	0	22578	845380832	
176321	22581	0	842845905	22581	0	842845904	846100400	845379216	1	1179635	608189217	846102192	845383392	0	845380912	846101552	0	0	846101552	31617	0	22578	845380832	1	22581	7602289	1322235885	846076491	0	1342177291	0	
845379216	1	1179635	608189217	846102192	845383392	0	845380912	846101552	0	0	846101552	31617	0	22578	845380832	1	22581	7602289	1322235885	846076491	0	1342177291	0	842689616	7602289	22576	845385248	0	1073741839	845383744	845385728	
846101552	0	0	846101552	31617	0	22578	845380832	1	22581	7602289	1322235885	846076491	0	1342177291	0	842689616	7602289	22576	845385248	0	1073741839	845383744	845385728	845362795	0	22576	845403264	0	0	845387120	22581	
1	22581	7602289	1322235885	846076491	0	1342177291	0	842689616	7602289	22576	845385248	0	1073741839	845383744	845385728	845362795	0	22576	845403264	0	0	845387120	22581	0	542264344	0	845422416	494200905	846877352	0	843710128	
842689616	7602289	22576	845385248	0	1073741839	845383744	845385728	845362795	0	22576	845403264	0	0	845387120	22581	0	542264344	0	845422416	494200905	846877352	0	843710128	0	7209057	846961088	22581	0	22581	845368027	845369723	
845362795	0	22576	845403264	0	0	845387120	22581	0	542264344	0	845422416	494200905	846877352	0	843710128	0	7209057	846961088	22581	0	22581	845368027	845369723	845367643	845390928	24	22581	494203304	851713520	633663488	1850305637	
0	542264344	0	845422416	494200905	846877352	0	843710128	0	7209057	846961088	22581	0	22581	845368027	845369723	845367643	845390928	24	22581	494203304	851713520	633663488	1850305637	845368875	845722251	845722251	0	1072693248	845394208	845367115	845744832	
0	7209057	846961088	22581	0	22581	845368027	845369723	845367643	845390928	24	22581	494203304	851713520	633663488	1850305637	845368875	845722251	845722251	0	1072693248	845394208	845367115	845744832	190512	0	845370635	845390800	845368219	842667035	617642048	31617	
845367643	845390928	24	22581	494203304	851713520	633663488	1850305637	845368875	845722251	845722251	0	1072693248	845394208	845367115	845744832	190512	0	845370635	845390800	845368219	842667035	617642048	31617	1073741828	1073741841	1073741844	846076491	846076491	842667035	845377371	845377467	
845368875	845722251	845722251	0	1072693248	845394208	845367115	845744832	190512	0	845370635	845390800	845368219	842667035	617642048	31617	1073741828	1073741841	1073741844	846076491	846076491	842667035	845377371	845377467	845370011	846076491	846076491	842667035	0	0	845373291	842667035	
190512	0	845370635	845390800	845368219	842667035	617642048	31617	1073741828	1073741841	1073741844	846076491	846076491	842667035	845377371	845377467	845370011	846076491	846076491	842667035	0	0	845373291	842667035	617642048	31617	1073741830	1073741824	1073741828	845380395	846879400	1073741829	
1073741828	1073741841	1073741844	846076491	846076491	842667035	845377371	845377467	845370011	846076491	846076491	842667035	0	0	845373291	842667035	617642048	31617	1073741830	1073741824	1073741828	845380395	846879400	1073741829	1073741837	634391456	845664219	842667035	633582496	542264344	0	842667035	
845370011	846076491	846076491	842667035	0	0	845373291	842667035	617642048	31617	1073741830	1073741824	1073741828	845380395	846879400	1073741829	1073741837	634391456	845664219	842667035	633582496	542264344	0	842667035	617642048	31617	1073741849	845401072	845377131	0	633582496	31617	
617642048	31617	1073741830	1073741824	1073741828	845380395	846879400	1073741829	1073741837	634391456	845664219	842667035	633582496	542264344	0	842667035	617642048	31617	1073741849	845401072	845377131	0	633582496	31617	0	845403728	845403920	845403072	845403920	0	0	845404880	
1073741837	634391456	845664219	842667035	633582496	542264344	0	842667035	617642048	31617	1073741849	845401072	845377131	0	633582496	31617	0	845403728	845403920	845403072	845403920	0	0	845404880	805306368	203712	1322212643	847379872	0	0	0	1072693248	

Sensor 1 MSE Table:
0	0	0	0	0	0	0	0	0	0	0	0	0	0	0	0	0	0	0	0	0	0	0	0	0	0	0	0	0	0	0	0	
0	0	0	0	0	0	0	0	0	0	0	0	0	0	0	0	0	0	0	0	0	0	0	0	0	0	0	0	0	0	0	0	
0	0	0	0	0	0	0	0	0	0	0	0	0	0	0	0	0	0	0	0	0	0	0	0	0	0	0	0	0	0	0	0	
0	0	0	0	0	0	0	0	0	0	0	0	0	0	0	0	0	0	0	0	0	0	0	0	0	0	0	0	0	0	0	0	
0	0	0	0	0	0	0	0	0	0	0	0	0	0	0	0	0	0	0	0	0	0	0	0	0	0	0	0	0	0	0	0	
0	0	0	0	0	0	0	0	0	0	0	0	0	0	0	0	0	0	0	0	0	0	0	0	-2147483648	0	0	0	-2147483648	0	161	80966617	
0	0	0	0	0	0	0	0	0	0	0	0	0	0	0	0	-2147483648	0	0	0	-2147483648	0	161	80966617	-2147483648	81584249	0	-2147483648	81584249	0	-2147483648	-2147483648	
0	0	0	0	0	0	0	0	-2147483648	0	0	0	-2147483648	0	161	80966617	-2147483648	81584249	0	-2147483648	81584249	0	-2147483648	-2147483648	-2147483648	0	-2147483648	-2147483648	-2147483648	-2147483648	0	-2147483648	
-2147483648	0	0	0	-2147483648	0	161	80966617	-2147483648	81584249	0	-2147483648	81584249	0	-2147483648	-2147483648	-2147483648	0	-2147483648	-2147483648	-2147483648	-2147483648	0	-2147483648	-2147483648	0	0	-2147483648	239912325	0	81553543	-2147483648	
-2147483648	81584249	0	-2147483648	81584249	0	-2147483648	-2147483648	-2147483648	0	-2147483648	-2147483648	-2147483648	-2147483648	0	-2147483648	-2147483648	0	0	-2147483648	239912325	0	81553543	-2147483648	0	81524810	-2147483648	-2147483648	-2147483648	0	-2147483648	0	
-2147483648	0	-2147483648	-2147483648	-2147483648	-2147483648	0	-2147483648	-2147483648	0	0	-2147483648	239912325	0	81553543	-2147483648	0	81524810	-2147483648	-2147483648	-2147483648	0	-2147483648	0	-2147483648	-2147483648	81486889	-2147483648	0	-2147483648	-2147483648	-2147483648	
-2147483648	0	0	-2147483648	239912325	0	81553543	-2147483648	0	81524810	-2147483648	-2147483648	-2147483648	0	-2147483648	0	-2147483648	-2147483648	81486889	-2147483648	0	-2147483648	-2147483648	-2147483648	-2147483648	0	81433190	-2147483648	0	0	-2147483648	81584249	
0	81524810	-2147483648	-2147483648	-2147483648	0	-2147483648	0	-2147483648	-2147483648	81486889	-2147483648	0	-2147483648	-2147483648	-2147483648	-2147483648	0	81433190	-2147483648	0	0	-2147483648	81584249	0	-2147483648	0	-2147483648	-2147483648	-2147483648	0	-2147483648	
-2147483648	-2147483648	81486889	-2147483648	0	-2147483648	-2147483648	-2147483648	-2147483648	0	81433190	-2147483648	0	0	-2147483648	81584249	0	-2147483648	0	-2147483648	-2147483648	-2147483648	0	-2147483648	0	-2147483648	-2147483648	81584249	0	81584249	-2147483648	-2147483648	
-2147483648	0	81433190	-2147483648	0	0	-2147483648	81584249	0	-2147483648	0	-2147483648	-2147483648	-2147483648	0	-2147483648	0	-2147483648	-2147483648	81584249	0	81584249	-2147483648	-2147483648	-2147483648	-2147483648	92	81584249	-2147483648	-2147483648	-2147483648	-2147483648	
0	-2147483648	0	-2147483648	-2147483648	-2147483648	0	-2147483648	0	-2147483648	-2147483648	81584249	0	81584249	-2147483648	-2147483648	-2147483648	-2147483648	92	81584249	-2147483648	-2147483648	-2147483648	-2147483648	-2147483648	-2147483648	-2147483648	0	-2147483648	-2147483648	-2147483648	-2147483648	
0	-2147483648	-2147483648	81584249	0	81584249	-2147483648	-2147483648	-2147483648	-2147483648	92	81584249	-2147483648	-2147483648	-2147483648	-2147483648	-2147483648	-2147483648	-2147483648	0	-2147483648	-2147483648	-2147483648	-2147483648	-2147483648	0	-2147483648	-2147483648	-2147483648	-2147483648	-2147483648	159843133	
-2147483648	-2147483648	92	81584249	-2147483648	-2147483648	-2147483648	-2147483648	-2147483648	-2147483648	-2147483648	0	-2147483648	-2147483648	-2147483648	-2147483648	-2147483648	0	-2147483648	-2147483648	-2147483648	-2147483648	-2147483648	159843133	-2147483648	-2147483648	-2147483648	-2147483648	-2147483648	-2147483648	-2147483648	-2147483648	
-2147483648	-2147483648	-2147483648	0	-2147483648	-2147483648	-2147483648	-2147483648	-2147483648	0	-2147483648	-2147483648	-2147483648	-2147483648	-2147483648	159843133	-2147483648	-2147483648	-2147483648	-2147483648	-2147483648	-2147483648	-2147483648	-2147483648	-2147483648	-2147483648	-2147483648	-2147483648	0	0	-2147483648	-2147483648	
-2147483648	0	-2147483648	-2147483648	-2147483648	-2147483648	-2147483648	159843133	-2147483648	-2147483648	-2147483648	-2147483648	-2147483648	-2147483648	-2147483648	-2147483648	-2147483648	-2147483648	-2147483648	-2147483648	0	0	-2147483648	-2147483648	-2147483648	159765251	-2147483648	-2147483648	-2147483648	-2147483648	-2147483648	-2147483648	
-2147483648	-2147483648	-2147483648	-2147483648	-2147483648	-2147483648	-2147483648	-2147483648	-2147483648	-2147483648	-2147483648	-2147483648	0	0	-2147483648	-2147483648	-2147483648	159765251	-2147483648	-2147483648	-2147483648	-2147483648	-2147483648	-2147483648	-2147483648	-2147483648	-2147483648	-2147483648	-2147483648	-2147483648	0	-2147483648	
-2147483648	-2147483648	-2147483648	-2147483648	0	0	-2147483648	-2147483648	-2147483648	159765251	-2147483648	-2147483648	-2147483648	-2147483648	-2147483648	-2147483648	-2147483648	-2147483648	-2147483648	-2147483648	-2147483648	-2147483648	0	-2147483648	-2147483648	159702667	-2147483648	-2147483648	-2147483648	0	-2147483648	159921322	
-2147483648	159765251	-2147483648	-2147483648	-2147483648	-2147483648	-2147483648	-2147483648	-2147483648	-2147483648	-2147483648	-2147483648	-2147483648	-2147483648	0	-2147483648	-2147483648	159702667	-2147483648	-2147483648	-2147483648	0	-2147483648	159921322	0	-2147483648	-2147483648	-2147483648	-2147483648	0	0	-2147483648	
-2147483648	-2147483648	-2147483648	-2147483648	-2147483648	-2147483648	0	-2147483648	-2147483648	159702667	-2147483648	-2147483648	-2147483648	0	-2147483648	159921322	0	-2147483648	-2147483648	-2147483648	-2147483648	0	0	-2147483648	-2147483648	-2147483648	-2147483648	-2147483648	0	0	0	-2147483648	

Sensor 1 Sum of Maximum Errors: -560249981
Sensor 1 Sum of MSE: -1807096605

Sensor 2 Measurements:
Measurement_1:
18	19	19	18	19	19	19	19	
18	18	19	19	19	19	19	20	
18	18	18	19	20	21	19	20	
18	18	19	19	19	19	19	19	
18	19	18	19	19	19	19	20	
18	18	19	19	19	18	19	19	
18	18	18	18	18	18	18	18	
18	18	18	18	18	18	18	18	

Measurement_2:
18	19	19	18	19	19	19	19	
18	19	19	19	19	19	19	20	
18	18	19	19	20	21	19	20	
18	18	19	19	19	19	19	19	
18	19	18	19	19	19	19	19	
18	18	19	19	19	18	19	19	
18	18	18	18	18	18	18	18	
18	18	18	18	18	18	18	18	

Measurement_3:
18	19	19	18	19	19	19	19	
18	19	19	19	19	19	19	20	
18	19	18	19	20	21	19	19	
18	18	19	19	19	19	19	19	
18	18	18	19	19	19	19	20	
18	18	19	19	19	19	19	19	
18	18	18	18	18	18	18	18	
18	18	18	18	18	18	18	18	

Measurement_4:
18	19	19	18	19	19	19	19	
18	19	19	19	19	19	19	20	
18	19	19	19	20	21	19	20	
18	18	19	19	19	20	19	19	
18	19	18	19	19	19	19	20	
18	18	19	19	19	18	19	19	
18	18	18	18	18	18	18	18	
18	18	18	18	18	18	18	18	

Measurement_5:
18	19	19	19	19	19	19	19	
18	19	19	19	19	19	19	19	
18	18	19	19	20	21	19	20	
18	18	19	19	19	19	19	19	
18	19	18	19	19	19	19	20	
18	18	19	19	19	19	19	19	
18	18	18	18	18	18	18	18	
18	18	18	18	18	18	19	18	

Sensor 2 Maximum Error Table:
0	0	0	1	0	0	0	0	
0	1	0	0	0	0	0	1	
0	1	1	0	0	0	0	1	
0	0	0	0	0	1	0	0	
0	1	0	0	0	0	0	1	
0	0	0	0	0	1	0	0	
0	0	0	0	0	0	0	0	
0	0	0	0	0	0	1	0	

Sensor 2 MSE Table:
0	0	0	0	0	0	0	0	
0	0	0	0	0	0	0	0	
0	0	0	0	0	0	0	0	
0	0	0	0	0	0	0	0	
0	0	0	0	0	0	0	0	
0	0	0	0	0	0	0	0	
0	0	0	0	0	0	0	0	
0	0	0	0	0	0	0	0	

Sensor 2 Sum of Maximum Errors: 11
Sensor 2 Sum of MSE: 0
